31	62	4317
77	154	4027
85	170	3161
81	160	6956
82	163	8398
83	166	4961
64	127	3490
44	89	26851
74	147	19234
81	162	14803
81	160	3009
72	143	15606
85	168	9649
73	144	27927
79	158	457
91	182	4340
77	154	3693
48	97	3122
73	144	28659
82	163	1304
121	240	5523
76	151	4032
79	158	16132
91	180	663
63	126	947
79	156	1874
81	162	483
95	188	3163
62	123	8455
59	118	3082
72	143	2047
56	113	11503
104	207	17314
40	79	4213
74	147	6971
53	106	2917
72	143	4343
62	125	3253
73	146	9679
95	190	5834
127	254	59571
80	159	2350
97	194	4673
77	152	23519
74	147	1470
63	126	9682
71	142	5811
69	138	9414
74	147	3132
86	171	2529
66	131	2667
72	143	3422
80	159	2813
75	150	3815
84	167	2598
54	109	3867
71	140	3679
77	152	3713
64	127	3028
75	150	5173
43	86	2709
73	144	5061
72	143	3533
64	127	2146
83	166	2383
78	155	2973
68	135	4295
69	136	3328
74	147	3300
69	136	1133
79	156	1673
91	182	3786
91	180	4277
127	252	3327
75	148	3934
76	151	3736
69	138	2700
75	150	2623
75	150	1897
78	155	2847
75	148	3040
70	139	2444
69	138	5441
33	66	2050
85	168	4425
62	125	3545
83	166	4713
64	127	2462
71	140	3588
83	166	2521
77	152	2343
69	136	2365
73	146	3223
77	152	3746
80	159	4156
73	144	5139
72	143	4235
60	121	2384
75	150	4343
79	158	2699
63	126	3690
81	162	1561
67	134	3562
80	159	2825
81	160	4607
66	131	4288
73	144	2757
70	139	3063
64	129	2867
86	171	1895
71	140	2463
78	155	5456
81	160	3581
66	131	3203
67	134	2967
78	155	2430
77	154	4019
69	138	2841
81	160	3170
71	140	4468
63	126	3913
71	140	2502
78	155	2167
94	187	3822
95	188	4307
73	144	3802
76	151	1207
75	150	3557
83	164	1073
73	144	3170
47	94	4234
62	123	3213
79	156	2509
70	139	3207
75	148	2365
84	167	4292
87	174	3536
87	174	3762
67	133	1432
77	152	3219
75	150	2977
82	163	2291
64	129	2217
75	148	2715
79	158	4824
61	122	3272
59	118	4142
81	162	4729
70	139	3881
77	152	3631
61	122	3497
75	148	3608
73	146	3569
61	122	3614
62	125	2989
73	146	2941
56	111	591
82	163	2803
93	184	4440
79	158	2184
75	148	3554
95	190	2833
85	170	4806
78	155	2570
73	146	3204
87	172	4112
75	148	3027
73	144	3289
81	162	2907
79	158	2661
56	111	489
81	160	2265
79	156	5123
63	126	4389
64	127	2725
82	163	5184
67	133	2678
74	147	3319
115	230	4601
69	136	1734
56	111	3563
76	151	3612
85	168	2672
85	170	2256
81	160	2140
70	139	2839
78	155	2149
69	136	3528
67	134	4257
77	152	4546
69	138	2642
67	134	3584
79	156	2316
77	152	1907
76	151	3965
71	140	3713
85	170	4201
73	146	1385
75	150	1731
79	158	3776
37	74	3122
72	143	4447
75	150	2936
83	166	4623
62	125	1631
75	150	1409
67	134	3130
79	156	4765
62	125	1831
80	159	2250
81	160	2618
71	142	2407
78	155	2791
83	164	2596
71	140	2400
77	152	3210
75	150	3085
71	140	2810
81	160	3640
61	122	3720
79	158	2581
78	155	884
62	123	2303
79	158	3104
73	144	1727
80	159	4570
79	156	1696
89	176	4121
61	122	1694
82	163	4007
83	164	2730
83	166	3245
87	172	3519
71	140	4311
67	133	3710
70	139	3368
76	151	3131
71	142	2356
69	136	2175
77	154	1713
64	127	4436
71	140	3397
83	164	2477
60	121	3134
73	144	3619
71	140	2816
73	144	5189
69	136	3033
73	146	1731
76	151	2980
85	168	4691
64	129	1917
81	162	2735
87	172	4078
85	170	1121
113	226	2418
79	156	2539
76	151	3421
67	133	2842
58	117	2455
82	163	3057
64	127	3785
82	163	3441
75	148	4411
76	151	1803
73	144	4066
87	172	4154
85	170	3820
81	160	4046
78	155	2218
71	142	3285
79	156	1757
75	148	1975
77	154	4409
81	160	4352
63	126	2842
82	163	1997
80	159	4009
77	154	4908
68	135	2504
64	129	3019
81	160	2633
93	186	2262
87	174	5144
75	150	4793
80	159	2639
109	218	2598
74	147	4090
75	150	3340
85	170	3699
78	155	2331
72	143	4571
79	158	1993
71	140	2309
62	125	2689
69	138	1286
85	170	3657
67	133	2582
69	138	3676
79	156	2235
71	140	3348
80	159	4758
73	144	2734
60	121	4227
64	127	1528
79	158	1283
80	159	2345
104	207	1830
70	139	3632
73	146	4327
72	143	1481
73	146	3755
65	130	3440
58	115	2803
58	115	4837
86	171	3908
83	164	3369
89	178	2334
72	143	1691
79	158	3282
85	168	4118
77	152	3732
69	136	2683
75	150	3528
77	154	3871
70	139	3351
76	151	2482
53	106	2746
74	147	2809
91	182	4293
73	146	3769
56	113	3833
75	148	4363
64	127	3981
83	166	3625
58	115	2244
64	127	2225
78	155	3059
75	148	3708
79	156	3719
85	170	2512
79	158	1505
75	148	3505
83	166	3605
84	167	3860
75	148	2521
77	154	1902
76	151	2162
79	156	3179
76	151	3570
83	164	3517
84	167	3404
42	85	3219
69	136	3936
69	136	3394
73	146	3270
80	159	5692
95	190	3682
76	151	4206
77	154	2825
76	151	3631
68	135	3390
83	166	4197
77	154	2016
82	163	4882
67	133	2144
80	159	3729
62	123	1889
75	150	2504
83	164	2910
57	114	2272
77	154	3509
71	142	2445
82	163	3358
66	131	3084
81	162	3749
81	160	2580
79	156	4021
81	162	1383
107	212	3407
74	147	3074
87	174	2971
83	164	5340
93	186	4260
75	150	1418
95	188	3618
76	151	1951
76	151	2026
83	164	4169
72	143	4323
61	122	3499
53	106	908
86	171	3049
77	154	2908
75	148	2554
76	151	2514
69	138	2511
63	126	3455
75	148	3799
65	130	4057
78	155	1887
74	147	3124
75	148	2941
80	159	4691
84	167	4359
89	176	2459
108	215	2310
74	147	3690
103	206	1102
94	187	5265
73	144	3440
73	146	2797
79	158	3373
68	135	3518
86	171	1167
60	119	4404
72	143	2506
77	152	3225
83	166	3095
85	168	3524
79	158	2565
81	160	4192
67	134	4121
64	127	2972
87	174	2958
83	164	3704
77	154	3440
75	148	2285
81	160	2259
64	129	1602
83	164	4180
79	158	2696
82	163	4527
78	155	4426
86	171	4945
75	148	3448
61	122	2485
75	148	4093
76	151	3031
66	131	3603
67	133	4287
81	160	2523
74	147	4340
73	146	4667
60	121	2142
68	135	2074
75	150	3905
81	160	3322
76	151	2052
85	168	3222
103	206	1965
67	134	1872
80	159	2132
70	139	2461
90	179	2961
75	150	4572
75	148	3977
79	156	580
77	152	2586

