75	150	976
67	133	13165
67	133	3728
85	170	6138
16	33	2972
75	150	6769
96	191	2916
60	121	442
62	123	9890
59	118	5089
46	91	5512
76	151	3025
71	142	2606
63	126	1957
91	182	6648
79	158	2640
89	178	5029
87	174	3571
77	154	1513
56	111	43021
74	147	38925
97	194	5530
30	59	2632
33	66	21703
81	160	1353
89	176	4602
91	182	2671
73	146	1188
79	156	1931
85	168	11665
70	139	21162
47	94	12794
52	103	5749
26	51	5975
91	180	3149
69	138	13708
78	155	4547
67	133	4869
87	172	2632
57	114	2644
56	113	6146
75	150	2398
99	196	1112
57	114	3919
35	70	1929
50	101	11114
72	143	5143
78	155	3703
62	125	5492
49	98	1389
76	151	1660
80	159	4364
40	81	4697
69	136	4459
76	151	1897
56	111	14411
67	133	10746
52	103	4411
56	111	6129
76	151	9691
73	146	10063
105	208	7049
71	140	3510
44	87	5399
55	110	4368
87	172	623
73	146	354
69	136	16559
5	10	15381
74	147	35685
59	118	2201
60	121	8741
81	160	39203
71	140	9936
81	162	20836
73	146	8585
73	144	28659
75	150	15377
61	122	16355
52	103	4377
54	107	9629
62	125	4646
65	130	26677
73	144	8762
71	140	27131
68	135	9505
73	144	2173
105	210	3966
58	117	633
89	176	87484
49	98	30478
64	129	3159
24	49	1119
85	168	63732
70	139	61455
79	158	34975
71	140	4066
67	133	4160
61	122	1972
73	146	1781
75	150	7611
71	140	91260
80	159	1089
61	122	1600
71	140	2622
62	125	6715
70	139	863
59	118	10073
61	122	30018
47	94	9563
67	133	2297
77	152	845
85	170	2004
73	144	2363
71	140	3962
81	162	3123
36	71	1172
72	143	2832
58	117	1977
101	202	1840
63	126	2766
70	139	2715
71	140	2426
76	151	2233
72	143	3015
74	147	2158
81	162	2321
73	146	3437
79	158	3698
75	150	1702
69	138	2114
81	162	3186
73	144	2635
73	144	2819
71	142	2466
76	151	2443
75	148	1392
77	154	3173
71	142	2886
68	135	1588
82	163	1936
85	168	3188
81	162	2090
76	151	1769
82	163	2254
81	160	2881
83	166	2595
75	148	1787
75	150	1866
57	114	1949
83	164	1719
73	146	2607
71	142	1945
60	119	2245
65	130	3579
71	140	3336
85	170	2320
60	121	3770
75	148	2170
86	171	1809
79	156	2574
75	148	2722
74	147	2048
75	150	3193
65	130	1348
73	146	2315
76	151	2644
74	147	2716
69	138	3884
81	160	1479
85	168	731
67	134	1380
77	152	2189
81	160	2050
87	174	2235
69	136	3385
87	172	1977
81	160	2374
66	131	3484
83	166	1745
82	163	3021
85	170	3273
79	156	2715
77	154	683
73	144	2468
86	171	2160
60	121	2010
74	147	3196
79	158	1986
75	148	1986
73	144	3044
79	158	2526
79	156	3328
66	131	2730
76	151	2812
67	134	2254
73	144	2931
94	187	3973
83	164	1144
67	134	2338
69	136	3008
73	146	2286
79	158	3494
83	166	860
51	102	3719
73	144	2505
99	196	1731
77	152	1116
82	163	2564
83	164	2474
77	152	2130
75	150	3803
71	142	3646
84	167	2091
103	206	3794
81	160	3010
77	154	3292
79	156	2325
62	123	2045
83	164	2815
81	160	2588
67	133	2385
62	123	2608
76	151	2899
60	119	3086
60	121	1954
68	135	2991
75	148	3027
72	143	1812
85	168	3318
83	164	1263
79	158	3230
81	160	1449
87	174	1982
78	155	3922
64	127	1475
77	154	3119
75	148	1838
73	144	2427
67	133	3252
86	171	3907
75	148	4174
81	162	2728
76	151	1032
79	156	3346
82	163	4033
69	138	2982
79	158	1375
79	156	2283
75	148	1868
74	147	2707
74	147	3546
67	134	4177
74	147	2515
84	167	3493
70	139	1674
81	162	2288
77	152	2733
62	125	3853
72	143	2334
73	146	2909
73	146	2427
75	148	2779
83	164	2902
68	135	2166
81	162	1593
81	162	2509
63	126	3030
69	136	3345
73	146	3370
69	138	2485
84	167	2127
62	125	4100
86	171	2175
71	142	4060
83	166	2887
71	140	2116
81	160	3019
71	140	2852
85	170	2924
80	159	1649
73	146	2507
87	172	2134
75	148	2580
77	154	3540
72	143	2515
73	144	3413
77	152	1869
76	151	2948
66	131	1643
69	136	1525
81	162	1655
77	154	2072
89	176	2078
81	162	3006
77	154	1755
78	155	2435
84	167	2419
76	151	1511
67	133	2117
71	142	1967
76	151	2345
62	125	2561
70	139	2648
75	150	1698
60	119	3169
69	136	3077
73	146	2928
89	178	2795
77	154	3060
78	155	2525
59	118	2602
87	174	1462
67	134	1844
75	150	1602
59	118	2893
81	162	1784
87	172	2975
85	168	3061
89	176	1677
68	135	2879
61	122	3854
82	163	3519
85	170	1850
79	156	3785
73	144	3223
80	159	2840
83	166	1611
79	156	2837
78	155	2882
73	146	3894
69	138	2010
66	131	1192
79	158	1364
81	162	3041
84	167	1506
71	142	2621
75	150	2645
83	166	975
63	126	1805
64	129	2425
73	144	3462
79	156	3583
82	163	2874
68	135	4033
75	148	2954
95	190	3029
79	158	3374
60	119	2465
71	142	2002
85	170	1632
63	126	3303
78	155	2828
84	167	3958
90	179	2488
75	150	2401
58	117	1813
75	148	3061
81	162	2303
63	126	1696
67	134	3104
70	139	2119
73	144	1360
79	156	2307
74	147	2092
81	160	2172
82	163	3238
74	147	1515
70	139	2584
75	148	2381
81	162	2026
85	168	1553
72	143	3575
76	151	2409
79	156	2314
78	155	2326
75	150	3207
87	174	2797
79	158	1808
85	168	1361
62	125	1946
92	183	2190
72	143	3722
75	148	3584
73	144	3362
75	150	2521
67	133	4012
74	147	3197
75	150	2938
80	159	3063
90	179	2638
66	131	2046
84	167	2305
98	195	2719
69	136	2848
83	166	2994
80	159	3405
74	147	1807
56	111	2241
79	156	1064
78	155	1563
75	148	3099
82	163	1810
64	129	2279
69	136	2405
55	110	2818
79	158	2419
60	121	1591
61	122	983
67	134	2532
77	154	2102
81	160	2631
62	125	3333
76	151	3314
79	156	1352
74	147	3232
80	159	2033
89	176	2912
65	130	2442
64	129	2043
77	154	2725
64	129	2791
73	146	3593
70	139	1889
79	156	1714
67	133	2346
86	171	2669
77	154	2825
67	134	1264
81	160	3266
87	174	2704
77	152	3350
67	134	2435
77	152	2028
81	160	2834
77	152	2845
82	163	1713
73	146	2033
85	170	2093
69	138	2973
68	135	1745
70	139	3338
84	167	1766
71	140	3832
84	167	2206
74	147	2765
91	182	2191
69	136	3294
83	166	1439
82	163	1974
80	159	2150
62	125	3405
90	179	2940
66	131	2488
77	154	3234
89	178	1720
73	144	3341
73	146	3315
75	150	2792

